Antall kandidater: 4
Antall stemmer: 20
Sperregrense: 5.01

Første opptelling.
Kandidater med score:
A	:	18
B	:	0
C	:	0
D	:	2

Runde nummer 1
Kandidat har VUNNET
FØR FORDELING
SCORE
[18, 0, 0, 2]
STEMMESEDLER
[[-2, 2, 3, -1], [-2, 2, 3, -1], [-2, 2, 3, -1], [-2, 2, 3, -1], [-2, 2, 3, -1], [-2, 2, 3, -1], [-2, 2, 3, -1], [-2, 2, 3, -1], [-2, 2, 3, -1], [-2, 2, 3, -1], [-2, 2, 3, -1], [-2, 2, 3, -1], [-2, 2, 3, -1], [-2, 2, 3, -1], [-2, 2, 3, -1], [-2, 2, 3, -1], [-2, 2, 3, -1], [-2, 2, 3, -1], [-1, -1, -1, -2], [-1, -1, -1, -2]]
A har vunnet med 18 stemmer.
Stemmene til A er fordelt:
B	:	0	+	13.0	=	13.0
D	:	2	+	0.0	=	2.0
FØR FORDELING
SCORE
[-1.0, 12.99, 0.0, 2.0]
STEMMESEDLER
[[-1, -1, 3, -1], [-1, -1, 3, -1], [-1, -1, 3, -1], [-1, -1, 3, -1], [-1, -1, 3, -1], [-1, -1, 3, -1], [-1, -1, 3, -1], [-1, -1, 3, -1], [-1, -1, 3, -1], [-1, -1, 3, -1], [-1, -1, 3, -1], [-1, -1, 3, -1], [-1, -1, 3, -1], [-1, -1, 3, -1], [-1, -1, 3, -1], [-1, -1, 3, -1], [-1, -1, 3, -1], [-1, -1, 3, -1], [-1, -1, -1, -2], [-1, -1, -1, -2]]

Runde nummer 2
Kandidat har VUNNET
FØR FORDELING
SCORE
[-1.0, 12.99, 0.0, 2.0]
STEMMESEDLER
[[-1, -1, 3, -1], [-1, -1, 3, -1], [-1, -1, 3, -1], [-1, -1, 3, -1], [-1, -1, 3, -1], [-1, -1, 3, -1], [-1, -1, 3, -1], [-1, -1, 3, -1], [-1, -1, 3, -1], [-1, -1, 3, -1], [-1, -1, 3, -1], [-1, -1, 3, -1], [-1, -1, 3, -1], [-1, -1, 3, -1], [-1, -1, 3, -1], [-1, -1, 3, -1], [-1, -1, 3, -1], [-1, -1, 3, -1], [-1, -1, -1, -2], [-1, -1, -1, -2]]
B har vunnet med 12.99 stemmer.
Stemmene til B er fordelt:
D	:	2.0	+	0	=	2.0
FØR FORDELING
SCORE
[-1.0, -1.0, 0.0, 2.0]
STEMMESEDLER
[[-1, -1, 3, -1], [-1, -1, 3, -1], [-1, -1, 3, -1], [-1, -1, 3, -1], [-1, -1, 3, -1], [-1, -1, 3, -1], [-1, -1, 3, -1], [-1, -1, 3, -1], [-1, -1, 3, -1], [-1, -1, 3, -1], [-1, -1, 3, -1], [-1, -1, 3, -1], [-1, -1, 3, -1], [-1, -1, 3, -1], [-1, -1, 3, -1], [-1, -1, 3, -1], [-1, -1, 3, -1], [-1, -1, 3, -1], [-1, -1, -1, -2], [-1, -1, -1, -2]]

Runde nummer 3
Kandidat har TAPT
FØR FORDELING
SCORE
[-1.0, -1.0, 0.0, 2.0]
STEMMESEDLER
[[-1, -1, 3, -1], [-1, -1, 3, -1], [-1, -1, 3, -1], [-1, -1, 3, -1], [-1, -1, 3, -1], [-1, -1, 3, -1], [-1, -1, 3, -1], [-1, -1, 3, -1], [-1, -1, 3, -1], [-1, -1, 3, -1], [-1, -1, 3, -1], [-1, -1, 3, -1], [-1, -1, 3, -1], [-1, -1, 3, -1], [-1, -1, 3, -1], [-1, -1, 3, -1], [-1, -1, 3, -1], [-1, -1, 3, -1], [-1, -1, -1, -2], [-1, -1, -1, -2]]
C har tapt med 0.0 stemmer.
FØR FORDELING
SCORE
[-1.0, -1.0, -1.0, 2.0]
STEMMESEDLER
[[-1, -1, 3, -1], [-1, -1, 3, -1], [-1, -1, 3, -1], [-1, -1, 3, -1], [-1, -1, 3, -1], [-1, -1, 3, -1], [-1, -1, 3, -1], [-1, -1, 3, -1], [-1, -1, 3, -1], [-1, -1, 3, -1], [-1, -1, 3, -1], [-1, -1, 3, -1], [-1, -1, 3, -1], [-1, -1, 3, -1], [-1, -1, 3, -1], [-1, -1, 3, -1], [-1, -1, 3, -1], [-1, -1, 3, -1], [-1, -1, -1, -2], [-1, -1, -1, -2]]

Runde nummer 4
Kandidat har TAPT
FØR FORDELING
SCORE
[-1.0, -1.0, -1.0, 2.0]
STEMMESEDLER
[[-1, -1, 3, -1], [-1, -1, 3, -1], [-1, -1, 3, -1], [-1, -1, 3, -1], [-1, -1, 3, -1], [-1, -1, 3, -1], [-1, -1, 3, -1], [-1, -1, 3, -1], [-1, -1, 3, -1], [-1, -1, 3, -1], [-1, -1, 3, -1], [-1, -1, 3, -1], [-1, -1, 3, -1], [-1, -1, 3, -1], [-1, -1, 3, -1], [-1, -1, 3, -1], [-1, -1, 3, -1], [-1, -1, 3, -1], [-1, -1, -1, -2], [-1, -1, -1, -2]]
D har tapt med 2.0 stemmer.
FØR FORDELING
SCORE
[-1.0, -1.0, -1.0, -1.0]
STEMMESEDLER
[[-1, -1, 3, -1], [-1, -1, 3, -1], [-1, -1, 3, -1], [-1, -1, 3, -1], [-1, -1, 3, -1], [-1, -1, 3, -1], [-1, -1, 3, -1], [-1, -1, 3, -1], [-1, -1, 3, -1], [-1, -1, 3, -1], [-1, -1, 3, -1], [-1, -1, 3, -1], [-1, -1, 3, -1], [-1, -1, 3, -1], [-1, -1, 3, -1], [-1, -1, 3, -1], [-1, -1, 3, -1], [-1, -1, 3, -1], [-1, -1, -1, -1], [-1, -1, -1, -1]]

Åpne Resultat.xlsx for å se endelig resultat.