Antall kandidater: 9
Antall stemmer: 24
Sperregrense: 2.6766666666666663

Første opptelling.
Kandidater med score:
A	:	6
B	:	6
C	:	0
D	:	4
E	:	4
F	:	0
G	:	1
H	:	3
I	:	0

Runde nummer 1
Kandidat har VUNNET
FØR FORDELING
SCORE
[6, 6, 0, 4, 4, 0, 1, 3, 0]
STEMMESEDLER
[[2, -2, -1, -1, 4, 5, -1, 3, -1], [3, 2, -1, -1, -2, 5, -1, 4, -1], [2, 4, -1, -1, -2, 5, -1, 3, -1], [-2, 4, -1, 5, 3, 6, -1, 2, -1], [-2, 2, -1, -1, 3, 6, -1, 4, 5], [5, -2, -1, -1, 2, -1, -1, 4, 3], [-2, -1, -1, -1, 2, -1, -1, 3, 4], [4, 5, -1, -1, -2, -1, -1, 2, 3], [3, 2, -1, -2, 5, -1, -1, 4, -1], [5, 2, -1, -2, 4, -1, -1, 3, -1], [5, -2, -1, 2, 3, -1, -1, 4, -1], [2, 3, -1, -1, 4, -1, -1, -2, -1], [2, 3, 6, -1, 4, 5, -1, -2, -1], [9, -2, 4, 7, 2, 5, 8, 3, 6], [-2, -1, -1, -1, 3, 4, 5, -1, 2], [2, -2, 9, 4, 3, 6, 8, 5, 7], [-2, 4, 8, 5, 3, 6, 7, 2, 9], [3, 4, 6, 7, 2, 5, 9, -2, 8], [3, 4, 8, 6, -2, 9, 7, 2, 5], [-2, 4, 7, 5, 3, -1, 6, 2, -1], [3, 2, -1, -2, -1, -1, 5, 4, -1], [3, 2, -1, -2, -1, -1, 5, 4, -1], [4, -2, 8, 7, 2, 6, 5, 3, 9], [5, 3, 8, 2, 9, 7, -2, 4, 6]]
B har vunnet med 6 stemmer.
Stemmene til B er fordelt:
A	:	6	+	1.1	=	7.1
D	:	4	+	0.6	=	4.6
E	:	4	+	1.7	=	5.7
G	:	1	+	0.0	=	1.0
H	:	3	+	0.0	=	3.0
FØR FORDELING
SCORE
[7.107777777777778, -1.0, 0.0, 4.553888888888889, 5.661666666666667, 0.0, 1.0, 3.0, 0.0]
STEMMESEDLER
[[-1, -1, -1, -1, 4, 5, -1, 3, -1], [3, 2, -1, -1, -2, 5, -1, 4, -1], [2, 4, -1, -1, -2, 5, -1, 3, -1], [-2, 4, -1, 5, 3, 6, -1, 2, -1], [-2, 2, -1, -1, 3, 6, -1, 4, 5], [5, -1, -1, -1, -1, -1, -1, 4, 3], [-2, -1, -1, -1, 2, -1, -1, 3, 4], [4, 5, -1, -1, -2, -1, -1, 2, 3], [3, 2, -1, -2, 5, -1, -1, 4, -1], [5, 2, -1, -2, 4, -1, -1, 3, -1], [5, -1, -1, -1, 3, -1, -1, 4, -1], [2, 3, -1, -1, 4, -1, -1, -2, -1], [2, 3, 6, -1, 4, 5, -1, -2, -1], [9, -1, 4, 7, -1, 5, 8, 3, 6], [-2, -1, -1, -1, 3, 4, 5, -1, 2], [-1, -1, 9, 4, 3, 6, 8, 5, 7], [-2, 4, 8, 5, 3, 6, 7, 2, 9], [3, 4, 6, 7, 2, 5, 9, -2, 8], [3, 4, 8, 6, -2, 9, 7, 2, 5], [-2, 4, 7, 5, 3, -1, 6, 2, -1], [3, 2, -1, -2, -1, -1, 5, 4, -1], [3, 2, -1, -2, -1, -1, 5, 4, -1], [4, -1, 8, 7, -1, 6, 5, 3, 9], [5, 3, 8, 2, 9, 7, -2, 4, 6]]

Runde nummer 2
Kandidat har VUNNET
FØR FORDELING
SCORE
[7.107777777777778, -1.0, 0.0, 4.553888888888889, 5.661666666666667, 0.0, 1.0, 3.0, 0.0]
STEMMESEDLER
[[-1, -1, -1, -1, 4, 5, -1, 3, -1], [3, 2, -1, -1, -2, 5, -1, 4, -1], [2, 4, -1, -1, -2, 5, -1, 3, -1], [-2, 4, -1, 5, 3, 6, -1, 2, -1], [-2, 2, -1, -1, 3, 6, -1, 4, 5], [5, -1, -1, -1, -1, -1, -1, 4, 3], [-2, -1, -1, -1, 2, -1, -1, 3, 4], [4, 5, -1, -1, -2, -1, -1, 2, 3], [3, 2, -1, -2, 5, -1, -1, 4, -1], [5, 2, -1, -2, 4, -1, -1, 3, -1], [5, -1, -1, -1, 3, -1, -1, 4, -1], [2, 3, -1, -1, 4, -1, -1, -2, -1], [2, 3, 6, -1, 4, 5, -1, -2, -1], [9, -1, 4, 7, -1, 5, 8, 3, 6], [-2, -1, -1, -1, 3, 4, 5, -1, 2], [-1, -1, 9, 4, 3, 6, 8, 5, 7], [-2, 4, 8, 5, 3, 6, 7, 2, 9], [3, 4, 6, 7, 2, 5, 9, -2, 8], [3, 4, 8, 6, -2, 9, 7, 2, 5], [-2, 4, 7, 5, 3, -1, 6, 2, -1], [3, 2, -1, -2, -1, -1, 5, 4, -1], [3, 2, -1, -2, -1, -1, 5, 4, -1], [4, -1, 8, 7, -1, 6, 5, 3, 9], [5, 3, 8, 2, 9, 7, -2, 4, 6]]
A har vunnet med 7.11 stemmer.
Stemmene til A er fordelt:
D	:	4.6	+	0.0	=	4.6
E	:	5.7	+	1.5	=	7.1
G	:	1.0	+	0.0	=	1.0
H	:	3.0	+	2.2	=	5.2
I	:	0.0	+	0.7	=	0.7
FØR FORDELING
SCORE
[-1.0, -1.0, 0.0, 4.553888888888889, 7.138703703703704, 0.0, 1.0, 5.2155555555555555, 0.7385185185185185]
STEMMESEDLER
[[-1, -1, -1, -1, 4, 5, -1, 3, -1], [3, 2, -1, -1, -2, 5, -1, 4, -1], [2, 4, -1, -1, -2, 5, -1, 3, -1], [-1, 4, -1, 5, 3, 6, -1, -1, -1], [-1, 2, -1, -1, -1, 6, -1, 4, 5], [5, -1, -1, -1, -1, -1, -1, 4, 3], [-1, -1, -1, -1, -1, -1, -1, 3, 4], [4, 5, -1, -1, -2, -1, -1, 2, 3], [3, 2, -1, -2, 5, -1, -1, 4, -1], [5, 2, -1, -2, 4, -1, -1, 3, -1], [5, -1, -1, -1, 3, -1, -1, 4, -1], [2, 3, -1, -1, 4, -1, -1, -2, -1], [2, 3, 6, -1, 4, 5, -1, -2, -1], [9, -1, 4, 7, -1, 5, 8, 3, 6], [-1, -1, -1, -1, 3, 4, 5, -1, -1], [-1, -1, 9, 4, 3, 6, 8, 5, 7], [-1, 4, 8, 5, 3, 6, 7, -1, 9], [3, 4, 6, 7, 2, 5, 9, -2, 8], [3, 4, 8, 6, -2, 9, 7, 2, 5], [-1, 4, 7, 5, 3, -1, 6, -1, -1], [3, 2, -1, -2, -1, -1, 5, 4, -1], [3, 2, -1, -2, -1, -1, 5, 4, -1], [4, -1, 8, 7, -1, 6, 5, 3, 9], [5, 3, 8, 2, 9, 7, -2, 4, 6]]

Runde nummer 3
Kandidat har VUNNET
FØR FORDELING
SCORE
[-1.0, -1.0, 0.0, 4.553888888888889, 7.138703703703704, 0.0, 1.0, 5.2155555555555555, 0.7385185185185185]
STEMMESEDLER
[[-1, -1, -1, -1, 4, 5, -1, 3, -1], [3, 2, -1, -1, -2, 5, -1, 4, -1], [2, 4, -1, -1, -2, 5, -1, 3, -1], [-1, 4, -1, 5, 3, 6, -1, -1, -1], [-1, 2, -1, -1, -1, 6, -1, 4, 5], [5, -1, -1, -1, -1, -1, -1, 4, 3], [-1, -1, -1, -1, -1, -1, -1, 3, 4], [4, 5, -1, -1, -2, -1, -1, 2, 3], [3, 2, -1, -2, 5, -1, -1, 4, -1], [5, 2, -1, -2, 4, -1, -1, 3, -1], [5, -1, -1, -1, 3, -1, -1, 4, -1], [2, 3, -1, -1, 4, -1, -1, -2, -1], [2, 3, 6, -1, 4, 5, -1, -2, -1], [9, -1, 4, 7, -1, 5, 8, 3, 6], [-1, -1, -1, -1, 3, 4, 5, -1, -1], [-1, -1, 9, 4, 3, 6, 8, 5, 7], [-1, 4, 8, 5, 3, 6, 7, -1, 9], [3, 4, 6, 7, 2, 5, 9, -2, 8], [3, 4, 8, 6, -2, 9, 7, 2, 5], [-1, 4, 7, 5, 3, -1, 6, -1, -1], [3, 2, -1, -2, -1, -1, 5, 4, -1], [3, 2, -1, -2, -1, -1, 5, 4, -1], [4, -1, 8, 7, -1, 6, 5, 3, 9], [5, 3, 8, 2, 9, 7, -2, 4, 6]]
E har vunnet med 7.14 stemmer.
Stemmene til E er fordelt:
D	:	4.6	+	0.0	=	4.6
G	:	1.0	+	0.0	=	1.0
H	:	5.2	+	4.5	=	9.7
I	:	0.7	+	0.0	=	0.7
FØR FORDELING
SCORE
[-1.0, -1.0, 0.0, 4.553888888888889, -1.0, 0.0, 1.0, 9.677592592592593, 0.7385185185185185]
STEMMESEDLER
[[-1, -1, -1, -1, 4, 5, -1, 3, -1], [3, 2, -1, -1, -1, 5, -1, -1, -1], [2, 4, -1, -1, -1, 5, -1, -1, -1], [-1, 4, -1, 5, 3, 6, -1, -1, -1], [-1, 2, -1, -1, -1, 6, -1, 4, 5], [5, -1, -1, -1, -1, -1, -1, 4, 3], [-1, -1, -1, -1, -1, -1, -1, 3, 4], [4, 5, -1, -1, -1, -1, -1, -1, 3], [3, 2, -1, -2, 5, -1, -1, 4, -1], [5, 2, -1, -2, 4, -1, -1, 3, -1], [5, -1, -1, -1, 3, -1, -1, 4, -1], [2, 3, -1, -1, 4, -1, -1, -2, -1], [2, 3, 6, -1, 4, 5, -1, -2, -1], [9, -1, 4, 7, -1, 5, 8, 3, 6], [-1, -1, -1, -1, 3, 4, 5, -1, -1], [-1, -1, 9, 4, 3, 6, 8, 5, 7], [-1, 4, 8, 5, 3, 6, 7, -1, 9], [3, 4, 6, 7, 2, 5, 9, -2, 8], [3, 4, 8, 6, -1, 9, 7, -1, 5], [-1, 4, 7, 5, 3, -1, 6, -1, -1], [3, 2, -1, -2, -1, -1, 5, 4, -1], [3, 2, -1, -2, -1, -1, 5, 4, -1], [4, -1, 8, 7, -1, 6, 5, 3, 9], [5, 3, 8, 2, 9, 7, -2, 4, 6]]

Runde nummer 4
Kandidat har VUNNET
FØR FORDELING
SCORE
[-1.0, -1.0, 0.0, 4.553888888888889, -1.0, 0.0, 1.0, 9.677592592592593, 0.7385185185185185]
STEMMESEDLER
[[-1, -1, -1, -1, 4, 5, -1, 3, -1], [3, 2, -1, -1, -1, 5, -1, -1, -1], [2, 4, -1, -1, -1, 5, -1, -1, -1], [-1, 4, -1, 5, 3, 6, -1, -1, -1], [-1, 2, -1, -1, -1, 6, -1, 4, 5], [5, -1, -1, -1, -1, -1, -1, 4, 3], [-1, -1, -1, -1, -1, -1, -1, 3, 4], [4, 5, -1, -1, -1, -1, -1, -1, 3], [3, 2, -1, -2, 5, -1, -1, 4, -1], [5, 2, -1, -2, 4, -1, -1, 3, -1], [5, -1, -1, -1, 3, -1, -1, 4, -1], [2, 3, -1, -1, 4, -1, -1, -2, -1], [2, 3, 6, -1, 4, 5, -1, -2, -1], [9, -1, 4, 7, -1, 5, 8, 3, 6], [-1, -1, -1, -1, 3, 4, 5, -1, -1], [-1, -1, 9, 4, 3, 6, 8, 5, 7], [-1, 4, 8, 5, 3, 6, 7, -1, 9], [3, 4, 6, 7, 2, 5, 9, -2, 8], [3, 4, 8, 6, -1, 9, 7, -1, 5], [-1, 4, 7, 5, 3, -1, 6, -1, -1], [3, 2, -1, -2, -1, -1, 5, 4, -1], [3, 2, -1, -2, -1, -1, 5, 4, -1], [4, -1, 8, 7, -1, 6, 5, 3, 9], [5, 3, 8, 2, 9, 7, -2, 4, 6]]
H har vunnet med 9.68 stemmer.
Stemmene til H er fordelt:
D	:	4.6	+	0.0	=	4.6
F	:	0.0	+	4.7	=	4.7
G	:	1.0	+	0.0	=	1.0
I	:	0.7	+	0.0	=	0.7
FØR FORDELING
SCORE
[-1.0, -1.0, 0.0, 4.553888888888889, -1.0, 4.667283950617285, 1.0, -1.0, 0.7385185185185185]
STEMMESEDLER
[[-1, -1, -1, -1, 4, 5, -1, 3, -1], [3, 2, -1, -1, -1, 5, -1, -1, -1], [2, 4, -1, -1, -1, 5, -1, -1, -1], [-1, 4, -1, 5, 3, 6, -1, -1, -1], [-1, 2, -1, -1, -1, 6, -1, 4, 5], [5, -1, -1, -1, -1, -1, -1, 4, 3], [-1, -1, -1, -1, -1, -1, -1, 3, 4], [4, 5, -1, -1, -1, -1, -1, -1, 3], [3, 2, -1, -2, 5, -1, -1, 4, -1], [5, 2, -1, -2, 4, -1, -1, 3, -1], [5, -1, -1, -1, 3, -1, -1, 4, -1], [2, 3, -1, -1, 4, -1, -1, -1, -1], [2, 3, 6, -1, 4, -1, -1, -1, -1], [9, -1, 4, 7, -1, 5, 8, 3, 6], [-1, -1, -1, -1, 3, 4, 5, -1, -1], [-1, -1, 9, 4, 3, 6, 8, 5, 7], [-1, 4, 8, 5, 3, 6, 7, -1, 9], [3, 4, 6, 7, 2, -1, 9, -1, 8], [3, 4, 8, 6, -1, 9, 7, -1, 5], [-1, 4, 7, 5, 3, -1, 6, -1, -1], [3, 2, -1, -2, -1, -1, 5, 4, -1], [3, 2, -1, -2, -1, -1, 5, 4, -1], [4, -1, 8, 7, -1, 6, 5, 3, 9], [5, 3, 8, 2, 9, 7, -2, 4, 6]]

Runde nummer 5
Kandidat har VUNNET
FØR FORDELING
SCORE
[-1.0, -1.0, 0.0, 4.553888888888889, -1.0, 4.667283950617285, 1.0, -1.0, 0.7385185185185185]
STEMMESEDLER
[[-1, -1, -1, -1, 4, 5, -1, 3, -1], [3, 2, -1, -1, -1, 5, -1, -1, -1], [2, 4, -1, -1, -1, 5, -1, -1, -1], [-1, 4, -1, 5, 3, 6, -1, -1, -1], [-1, 2, -1, -1, -1, 6, -1, 4, 5], [5, -1, -1, -1, -1, -1, -1, 4, 3], [-1, -1, -1, -1, -1, -1, -1, 3, 4], [4, 5, -1, -1, -1, -1, -1, -1, 3], [3, 2, -1, -2, 5, -1, -1, 4, -1], [5, 2, -1, -2, 4, -1, -1, 3, -1], [5, -1, -1, -1, 3, -1, -1, 4, -1], [2, 3, -1, -1, 4, -1, -1, -1, -1], [2, 3, 6, -1, 4, -1, -1, -1, -1], [9, -1, 4, 7, -1, 5, 8, 3, 6], [-1, -1, -1, -1, 3, 4, 5, -1, -1], [-1, -1, 9, 4, 3, 6, 8, 5, 7], [-1, 4, 8, 5, 3, 6, 7, -1, 9], [3, 4, 6, 7, 2, -1, 9, -1, 8], [3, 4, 8, 6, -1, 9, 7, -1, 5], [-1, 4, 7, 5, 3, -1, 6, -1, -1], [3, 2, -1, -2, -1, -1, 5, 4, -1], [3, 2, -1, -2, -1, -1, 5, 4, -1], [4, -1, 8, 7, -1, 6, 5, 3, 9], [5, 3, 8, 2, 9, 7, -2, 4, 6]]
F har vunnet med 4.67 stemmer.
Stemmene til F er fordelt:
D	:	4.6	+	0	=	4.6
G	:	1.0	+	0	=	1.0
I	:	0.7	+	0	=	0.7
FØR FORDELING
SCORE
[-1.0, -1.0, 0.0, 4.553888888888889, -1.0, -1.0, 1.0, -1.0, 0.7385185185185185]
STEMMESEDLER
[[-1, -1, -1, -1, 4, 5, -1, 3, -1], [3, 2, -1, -1, -1, 5, -1, -1, -1], [2, 4, -1, -1, -1, 5, -1, -1, -1], [-1, 4, -1, 5, 3, 6, -1, -1, -1], [-1, 2, -1, -1, -1, 6, -1, 4, 5], [5, -1, -1, -1, -1, -1, -1, 4, 3], [-1, -1, -1, -1, -1, -1, -1, 3, 4], [4, 5, -1, -1, -1, -1, -1, -1, 3], [3, 2, -1, -2, 5, -1, -1, 4, -1], [5, 2, -1, -2, 4, -1, -1, 3, -1], [5, -1, -1, -1, 3, -1, -1, 4, -1], [2, 3, -1, -1, 4, -1, -1, -1, -1], [2, 3, 6, -1, 4, -1, -1, -1, -1], [9, -1, 4, 7, -1, 5, 8, 3, 6], [-1, -1, -1, -1, 3, 4, 5, -1, -1], [-1, -1, 9, 4, 3, 6, 8, 5, 7], [-1, 4, 8, 5, 3, 6, 7, -1, 9], [3, 4, 6, 7, 2, -1, 9, -1, 8], [3, 4, 8, 6, -1, 9, 7, -1, 5], [-1, 4, 7, 5, 3, -1, 6, -1, -1], [3, 2, -1, -2, -1, -1, 5, 4, -1], [3, 2, -1, -2, -1, -1, 5, 4, -1], [4, -1, 8, 7, -1, 6, 5, 3, 9], [5, 3, 8, 2, 9, 7, -2, 4, 6]]

Runde nummer 6
Kandidat har VUNNET
FØR FORDELING
SCORE
[-1.0, -1.0, 0.0, 4.553888888888889, -1.0, -1.0, 1.0, -1.0, 0.7385185185185185]
STEMMESEDLER
[[-1, -1, -1, -1, 4, 5, -1, 3, -1], [3, 2, -1, -1, -1, 5, -1, -1, -1], [2, 4, -1, -1, -1, 5, -1, -1, -1], [-1, 4, -1, 5, 3, 6, -1, -1, -1], [-1, 2, -1, -1, -1, 6, -1, 4, 5], [5, -1, -1, -1, -1, -1, -1, 4, 3], [-1, -1, -1, -1, -1, -1, -1, 3, 4], [4, 5, -1, -1, -1, -1, -1, -1, 3], [3, 2, -1, -2, 5, -1, -1, 4, -1], [5, 2, -1, -2, 4, -1, -1, 3, -1], [5, -1, -1, -1, 3, -1, -1, 4, -1], [2, 3, -1, -1, 4, -1, -1, -1, -1], [2, 3, 6, -1, 4, -1, -1, -1, -1], [9, -1, 4, 7, -1, 5, 8, 3, 6], [-1, -1, -1, -1, 3, 4, 5, -1, -1], [-1, -1, 9, 4, 3, 6, 8, 5, 7], [-1, 4, 8, 5, 3, 6, 7, -1, 9], [3, 4, 6, 7, 2, -1, 9, -1, 8], [3, 4, 8, 6, -1, 9, 7, -1, 5], [-1, 4, 7, 5, 3, -1, 6, -1, -1], [3, 2, -1, -2, -1, -1, 5, 4, -1], [3, 2, -1, -2, -1, -1, 5, 4, -1], [4, -1, 8, 7, -1, 6, 5, 3, 9], [5, 3, 8, 2, 9, 7, -2, 4, 6]]
D har vunnet med 4.55 stemmer.
Stemmene til D er fordelt:
G	:	1.0	+	0.9	=	1.9
I	:	0.7	+	0.0	=	0.7
FØR FORDELING
SCORE
[-1.0, -1.0, 0.0, -1.0, -1.0, -1.0, 1.9386111111111115, -1.0, 0.7385185185185185]
STEMMESEDLER
[[-1, -1, -1, -1, 4, 5, -1, 3, -1], [3, 2, -1, -1, -1, 5, -1, -1, -1], [2, 4, -1, -1, -1, 5, -1, -1, -1], [-1, 4, -1, 5, 3, 6, -1, -1, -1], [-1, 2, -1, -1, -1, 6, -1, 4, 5], [5, -1, -1, -1, -1, -1, -1, 4, 3], [-1, -1, -1, -1, -1, -1, -1, 3, 4], [4, 5, -1, -1, -1, -1, -1, -1, 3], [3, 2, -1, -1, 5, -1, -1, 4, -1], [5, 2, -1, -1, 4, -1, -1, 3, -1], [5, -1, -1, -1, 3, -1, -1, 4, -1], [2, 3, -1, -1, 4, -1, -1, -1, -1], [2, 3, 6, -1, 4, -1, -1, -1, -1], [9, -1, 4, 7, -1, 5, 8, 3, 6], [-1, -1, -1, -1, 3, 4, 5, -1, -1], [-1, -1, 9, 4, 3, 6, 8, 5, 7], [-1, 4, 8, 5, 3, 6, 7, -1, 9], [3, 4, 6, 7, 2, -1, 9, -1, 8], [3, 4, 8, 6, -1, 9, 7, -1, 5], [-1, 4, 7, 5, 3, -1, 6, -1, -1], [3, 2, -1, -1, -1, -1, -1, 4, -1], [3, 2, -1, -1, -1, -1, -1, 4, -1], [4, -1, 8, 7, -1, 6, 5, 3, 9], [5, 3, 8, 2, 9, 7, -2, 4, 6]]

Runde nummer 7
Kandidat har TAPT
FØR FORDELING
SCORE
[-1.0, -1.0, 0.0, -1.0, -1.0, -1.0, 1.9386111111111115, -1.0, 0.7385185185185185]
STEMMESEDLER
[[-1, -1, -1, -1, 4, 5, -1, 3, -1], [3, 2, -1, -1, -1, 5, -1, -1, -1], [2, 4, -1, -1, -1, 5, -1, -1, -1], [-1, 4, -1, 5, 3, 6, -1, -1, -1], [-1, 2, -1, -1, -1, 6, -1, 4, 5], [5, -1, -1, -1, -1, -1, -1, 4, 3], [-1, -1, -1, -1, -1, -1, -1, 3, 4], [4, 5, -1, -1, -1, -1, -1, -1, 3], [3, 2, -1, -1, 5, -1, -1, 4, -1], [5, 2, -1, -1, 4, -1, -1, 3, -1], [5, -1, -1, -1, 3, -1, -1, 4, -1], [2, 3, -1, -1, 4, -1, -1, -1, -1], [2, 3, 6, -1, 4, -1, -1, -1, -1], [9, -1, 4, 7, -1, 5, 8, 3, 6], [-1, -1, -1, -1, 3, 4, 5, -1, -1], [-1, -1, 9, 4, 3, 6, 8, 5, 7], [-1, 4, 8, 5, 3, 6, 7, -1, 9], [3, 4, 6, 7, 2, -1, 9, -1, 8], [3, 4, 8, 6, -1, 9, 7, -1, 5], [-1, 4, 7, 5, 3, -1, 6, -1, -1], [3, 2, -1, -1, -1, -1, -1, 4, -1], [3, 2, -1, -1, -1, -1, -1, 4, -1], [4, -1, 8, 7, -1, 6, 5, 3, 9], [5, 3, 8, 2, 9, 7, -2, 4, 6]]
C har tapt med 0.0 stemmer.
FØR FORDELING
SCORE
[-1.0, -1.0, -1.0, -1.0, -1.0, -1.0, 1.9386111111111115, -1.0, 0.7385185185185185]
STEMMESEDLER
[[-1, -1, -1, -1, 4, 5, -1, 3, -1], [3, 2, -1, -1, -1, 5, -1, -1, -1], [2, 4, -1, -1, -1, 5, -1, -1, -1], [-1, 4, -1, 5, 3, 6, -1, -1, -1], [-1, 2, -1, -1, -1, 6, -1, 4, 5], [5, -1, -1, -1, -1, -1, -1, 4, 3], [-1, -1, -1, -1, -1, -1, -1, 3, 4], [4, 5, -1, -1, -1, -1, -1, -1, 3], [3, 2, -1, -1, 5, -1, -1, 4, -1], [5, 2, -1, -1, 4, -1, -1, 3, -1], [5, -1, -1, -1, 3, -1, -1, 4, -1], [2, 3, -1, -1, 4, -1, -1, -1, -1], [2, 3, 6, -1, 4, -1, -1, -1, -1], [9, -1, 4, 7, -1, 5, 8, 3, 6], [-1, -1, -1, -1, 3, 4, 5, -1, -1], [-1, -1, 9, 4, 3, 6, 8, 5, 7], [-1, 4, 8, 5, 3, 6, 7, -1, 9], [3, 4, 6, 7, 2, -1, 9, -1, 8], [3, 4, 8, 6, -1, 9, 7, -1, 5], [-1, 4, 7, 5, 3, -1, 6, -1, -1], [3, 2, -1, -1, -1, -1, -1, 4, -1], [3, 2, -1, -1, -1, -1, -1, 4, -1], [4, -1, 8, 7, -1, 6, 5, 3, 9], [5, 3, 8, 2, 9, 7, -2, 4, 6]]

Runde nummer 8
Kandidat har TAPT
FØR FORDELING
SCORE
[-1.0, -1.0, -1.0, -1.0, -1.0, -1.0, 1.9386111111111115, -1.0, 0.7385185185185185]
STEMMESEDLER
[[-1, -1, -1, -1, 4, 5, -1, 3, -1], [3, 2, -1, -1, -1, 5, -1, -1, -1], [2, 4, -1, -1, -1, 5, -1, -1, -1], [-1, 4, -1, 5, 3, 6, -1, -1, -1], [-1, 2, -1, -1, -1, 6, -1, 4, 5], [5, -1, -1, -1, -1, -1, -1, 4, 3], [-1, -1, -1, -1, -1, -1, -1, 3, 4], [4, 5, -1, -1, -1, -1, -1, -1, 3], [3, 2, -1, -1, 5, -1, -1, 4, -1], [5, 2, -1, -1, 4, -1, -1, 3, -1], [5, -1, -1, -1, 3, -1, -1, 4, -1], [2, 3, -1, -1, 4, -1, -1, -1, -1], [2, 3, 6, -1, 4, -1, -1, -1, -1], [9, -1, 4, 7, -1, 5, 8, 3, 6], [-1, -1, -1, -1, 3, 4, 5, -1, -1], [-1, -1, 9, 4, 3, 6, 8, 5, 7], [-1, 4, 8, 5, 3, 6, 7, -1, 9], [3, 4, 6, 7, 2, -1, 9, -1, 8], [3, 4, 8, 6, -1, 9, 7, -1, 5], [-1, 4, 7, 5, 3, -1, 6, -1, -1], [3, 2, -1, -1, -1, -1, -1, 4, -1], [3, 2, -1, -1, -1, -1, -1, 4, -1], [4, -1, 8, 7, -1, 6, 5, 3, 9], [5, 3, 8, 2, 9, 7, -2, 4, 6]]
I har tapt med 0.7 stemmer.
FØR FORDELING
SCORE
[-1.0, -1.0, -1.0, -1.0, -1.0, -1.0, 1.9386111111111115, -1.0, -1.0]
STEMMESEDLER
[[-1, -1, -1, -1, 4, 5, -1, 3, -1], [3, 2, -1, -1, -1, 5, -1, -1, -1], [2, 4, -1, -1, -1, 5, -1, -1, -1], [-1, 4, -1, 5, 3, 6, -1, -1, -1], [-1, 2, -1, -1, -1, 6, -1, 4, 5], [5, -1, -1, -1, -1, -1, -1, 4, 3], [-1, -1, -1, -1, -1, -1, -1, 3, 4], [4, 5, -1, -1, -1, -1, -1, -1, 3], [3, 2, -1, -1, 5, -1, -1, 4, -1], [5, 2, -1, -1, 4, -1, -1, 3, -1], [5, -1, -1, -1, 3, -1, -1, 4, -1], [2, 3, -1, -1, 4, -1, -1, -1, -1], [2, 3, 6, -1, 4, -1, -1, -1, -1], [9, -1, 4, 7, -1, 5, 8, 3, 6], [-1, -1, -1, -1, 3, 4, 5, -1, -1], [-1, -1, 9, 4, 3, 6, 8, 5, 7], [-1, 4, 8, 5, 3, 6, 7, -1, 9], [3, 4, 6, 7, 2, -1, 9, -1, 8], [3, 4, 8, 6, -1, 9, 7, -1, 5], [-1, 4, 7, 5, 3, -1, 6, -1, -1], [3, 2, -1, -1, -1, -1, -1, 4, -1], [3, 2, -1, -1, -1, -1, -1, 4, -1], [4, -1, 8, 7, -1, 6, 5, 3, 9], [5, 3, 8, 2, 9, 7, -2, 4, 6]]

Runde nummer 9
Kandidat har TAPT
FØR FORDELING
SCORE
[-1.0, -1.0, -1.0, -1.0, -1.0, -1.0, 1.9386111111111115, -1.0, -1.0]
STEMMESEDLER
[[-1, -1, -1, -1, 4, 5, -1, 3, -1], [3, 2, -1, -1, -1, 5, -1, -1, -1], [2, 4, -1, -1, -1, 5, -1, -1, -1], [-1, 4, -1, 5, 3, 6, -1, -1, -1], [-1, 2, -1, -1, -1, 6, -1, 4, 5], [5, -1, -1, -1, -1, -1, -1, 4, 3], [-1, -1, -1, -1, -1, -1, -1, 3, 4], [4, 5, -1, -1, -1, -1, -1, -1, 3], [3, 2, -1, -1, 5, -1, -1, 4, -1], [5, 2, -1, -1, 4, -1, -1, 3, -1], [5, -1, -1, -1, 3, -1, -1, 4, -1], [2, 3, -1, -1, 4, -1, -1, -1, -1], [2, 3, 6, -1, 4, -1, -1, -1, -1], [9, -1, 4, 7, -1, 5, 8, 3, 6], [-1, -1, -1, -1, 3, 4, 5, -1, -1], [-1, -1, 9, 4, 3, 6, 8, 5, 7], [-1, 4, 8, 5, 3, 6, 7, -1, 9], [3, 4, 6, 7, 2, -1, 9, -1, 8], [3, 4, 8, 6, -1, 9, 7, -1, 5], [-1, 4, 7, 5, 3, -1, 6, -1, -1], [3, 2, -1, -1, -1, -1, -1, 4, -1], [3, 2, -1, -1, -1, -1, -1, 4, -1], [4, -1, 8, 7, -1, 6, 5, 3, 9], [5, 3, 8, 2, 9, 7, -2, 4, 6]]
G har tapt med 1.9 stemmer.
FØR FORDELING
SCORE
[-1.0, -1.0, -1.0, -1.0, -1.0, -1.0, -1.0, -1.0, -1.0]
STEMMESEDLER
[[-1, -1, -1, -1, 4, 5, -1, 3, -1], [3, 2, -1, -1, -1, 5, -1, -1, -1], [2, 4, -1, -1, -1, 5, -1, -1, -1], [-1, 4, -1, 5, 3, 6, -1, -1, -1], [-1, 2, -1, -1, -1, 6, -1, 4, 5], [5, -1, -1, -1, -1, -1, -1, 4, 3], [-1, -1, -1, -1, -1, -1, -1, 3, 4], [4, 5, -1, -1, -1, -1, -1, -1, 3], [3, 2, -1, -1, 5, -1, -1, 4, -1], [5, 2, -1, -1, 4, -1, -1, 3, -1], [5, -1, -1, -1, 3, -1, -1, 4, -1], [2, 3, -1, -1, 4, -1, -1, -1, -1], [2, 3, 6, -1, 4, -1, -1, -1, -1], [9, -1, 4, 7, -1, 5, 8, 3, 6], [-1, -1, -1, -1, 3, 4, 5, -1, -1], [-1, -1, 9, 4, 3, 6, 8, 5, 7], [-1, 4, 8, 5, 3, 6, 7, -1, 9], [3, 4, 6, 7, 2, -1, 9, -1, 8], [3, 4, 8, 6, -1, 9, 7, -1, 5], [-1, 4, 7, 5, 3, -1, 6, -1, -1], [3, 2, -1, -1, -1, -1, -1, 4, -1], [3, 2, -1, -1, -1, -1, -1, 4, -1], [4, -1, 8, 7, -1, 6, 5, 3, 9], [5, 3, 8, 2, 9, 7, -1, 4, 6]]

Åpne Resultat.xlsx for å se endelig resultat.