Antall kandidater: 9
Antall stemmer: 24
Sperregrense: 2.6766666666666663

Første opptelling.
Kandidater med score:
A	:	6
B	:	6
C	:	0
D	:	4
E	:	4
F	:	0
G	:	1
H	:	3
I	:	0

Runde nummer 1
Kandidat har VUNNET
FØR FORDELING
SCORE
[6, 6, 0, 4, 4, 0, 1, 3, 0]
STEMMESEDLER
[[ 2, -2, -1, -1,  4,  5, -1,  3, -1], 
 [ 3,  2, -1, -1, -2,  5, -1,  4, -1], 
 [ 2,  4, -1, -1, -2,  5, -1,  3, -1], 
 [-2,  4, -1,  5,  3,  6, -1,  2, -1], 
 [-2,  2, -1, -1,  3,  6, -1,  4,  5], 
 [ 5, -2, -1, -1,  2, -1, -1,  4,  3], 
 [-2, -1, -1, -1,  2, -1, -1,  3,  4], 
 [ 4,  5, -1, -1, -2, -1, -1,  2,  3], 
 [ 3,  2, -1, -2,  5, -1, -1,  4, -1], 
 [ 5,  2, -1, -2,  4, -1, -1,  3, -1], 
 [ 5, -2, -1,  2,  3, -1, -1,  4, -1], 
 [ 2,  3, -1, -1,  4, -1, -1, -2, -1], 
 [ 2,  3,  6, -1,  4,  5, -1, -2, -1], 
 [ 9, -2,  4,  7,  2,  5,  8,  3,  6], 
 [-2, -1, -1, -1,  3,  4,  5, -1,  2], 
 [ 2, -2,  9,  4,  3,  6,  8,  5,  7], 
 [-2,  4,  8,  5,  3,  6,  7,  2,  9], 
 [ 3,  4,  6,  7,  2,  5,  9, -2,  8], 
 [ 3,  4,  8,  6, -2,  9,  7,  2,  5], 
 [-2,  4,  7,  5,  3, -1,  6,  2, -1], 
 [ 3,  2, -1, -2, -1, -1,  5,  4, -1], 
 [ 3,  2, -1, -2, -1, -1,  5,  4, -1], 
 [ 4, -2,  8,  7,  2,  6,  5,  3,  9], 
 [ 5,  3,  8,  2,  9,  7, -2,  4,  6]]

B har vunnet med 6 stemmer.
Stemmene til B er fordelt:
A	:	6	+	0.7	=	6.7
D	:	4	+	0.3	=	4.3
E	:	4	+	1.3	=	5.3
G	:	1	+	0.0	=	1.0
H	:	3	+	1.0	=	4.0
FØR FORDELING
SCORE
[6.664666666666667, -1.0, 0.0, 4.332333333333334, 5.3293333333333335, 0.0, 1.0, 3.997, 0.0]
STEMMESEDLER
[[-2, -1, -1, -1, 4, 5, -1, 3, -1], [3, 2, -1, -1, -2, 5, -1, 4, -1], [2, 4, -1, -1, -2, 5, -1, 3, -1], [-2, -1, -1, 5, 3, 6, -1, -2, -1], [-2, -1, -1, -1, -2, 6, -1, 4, 5], [5, -1, -1, -1, -2, -1, -1, 4, 3], [-2, -1, -1, -1, 2, -1, -1, 3, 4], [4, 5, -1, -1, -2, -1, -1, 2, 3], [3, 2, -1, -2, 5, -1, -1, 4, -1], [5, 2, -1, -2, 4, -1, -1, 3, -1], [5, -1, -1, -2, 3, -1, -1, 4, -1], [2, 3, -1, -1, 4, -1, -1, -2, -1], [2, 3, 6, -1, 4, 5, -1, -2, -1], [9, -1, 4, 7, -2, 5, 8, 3, 6], [-2, -1, -1, -1, 3, 4, 5, -1, 2], [-2, -1, 9, 4, 3, 6, 8, 5, 7], [-2, -1, 8, 5, 3, 6, 7, -2, 9], [3, 4, 6, 7, 2, 5, 9, -2, 8], [3, 4, 8, 6, -2, 9, 7, 2, 5], [-2, -1, 7, 5, 3, -1, 6, -2, -1], [3, 2, -1, -2, -1, -1, 5, 4, -1], [3, 2, -1, -2, -1, -1, 5, 4, -1], [4, -1, 8, 7, -2, 6, 5, 3, 9], [5, 3, 8, 2, 9, 7, -2, 4, 6]]

Runde nummer 2
Kandidat har VUNNET
FØR FORDELING
SCORE
[6.664666666666667, -1.0, 0.0, 4.332333333333334, 5.3293333333333335, 0.0, 1.0, 3.997, 0.0]
STEMMESEDLER
[[-2, -1, -1, -1, 4, 5, -1, 3, -1], [3, 2, -1, -1, -2, 5, -1, 4, -1], [2, 4, -1, -1, -2, 5, -1, 3, -1], [-2, -1, -1, 5, 3, 6, -1, -2, -1], [-2, -1, -1, -1, -2, 6, -1, 4, 5], [5, -1, -1, -1, -2, -1, -1, 4, 3], [-2, -1, -1, -1, 2, -1, -1, 3, 4], [4, 5, -1, -1, -2, -1, -1, 2, 3], [3, 2, -1, -2, 5, -1, -1, 4, -1], [5, 2, -1, -2, 4, -1, -1, 3, -1], [5, -1, -1, -2, 3, -1, -1, 4, -1], [2, 3, -1, -1, 4, -1, -1, -2, -1], [2, 3, 6, -1, 4, 5, -1, -2, -1], [9, -1, 4, 7, -2, 5, 8, 3, 6], [-2, -1, -1, -1, 3, 4, 5, -1, 2], [-2, -1, 9, 4, 3, 6, 8, 5, 7], [-2, -1, 8, 5, 3, 6, 7, -2, 9], [3, 4, 6, 7, 2, 5, 9, -2, 8], [3, 4, 8, 6, -2, 9, 7, 2, 5], [-2, -1, 7, 5, 3, -1, 6, -2, -1], [3, 2, -1, -2, -1, -1, 5, 4, -1], [3, 2, -1, -2, -1, -1, 5, 4, -1], [4, -1, 8, 7, -2, 6, 5, 3, 9], [5, 3, 8, 2, 9, 7, -2, 4, 6]]
A har vunnet med 6.66 stemmer.
Stemmene til A er fordelt:
D	:	4.3	+	0.2	=	4.5
E	:	5.3	+	1.5	=	6.8
G	:	1.0	+	0.0	=	1.0
H	:	4.0	+	2.0	=	6.0
I	:	0.0	+	0.3	=	0.3
FØR FORDELING
SCORE
[-1.0, -1.0, 0.0, 4.4985, 6.824833333333334, 0.0, 1.0, 5.9910000000000005, 0.3323333333333334]
STEMMESEDLER
[[-1, -1, -1, -1, 4, 5, -1, -2, -1], [-1, 2, -1, -1, -2, 5, -1, -2, -1], [-1, 4, -1, -1, -2, 5, -1, -2, -1], [-1, -1, -1, 5, -2, 6, -1, -2, -1], [-1, -1, -1, -1, -2, 6, -1, -2, 5], [-1, -1, -1, -1, -2, -1, -1, 4, -2], [-1, -1, -1, -1, -2, -1, -1, 3, 4], [-1, 5, -1, -1, -2, -1, -1, -2, 3], [-1, 2, -1, -2, 5, -1, -1, -2, -1], [-1, 2, -1, -2, 4, -1, -1, -2, -1], [-1, -1, -1, -2, -2, -1, -1, 4, -1], [-1, 3, -1, -1, -2, -1, -1, -2, -1], [-1, 3, 6, -1, -2, 5, -1, -2, -1], [-1, -1, 4, 7, -2, 5, 8, -2, 6], [-1, -1, -1, -1, 3, 4, 5, -1, -2], [-1, -1, 9, 4, -2, 6, 8, 5, 7], [-1, -1, 8, 5, -2, 6, 7, -2, 9], [-1, 4, 6, 7, -2, 5, 9, -2, 8], [-1, 4, 8, 6, -2, 9, 7, -2, 5], [-1, -1, 7, 5, -2, -1, 6, -2, -1], [-1, 2, -1, -2, -1, -1, 5, -2, -1], [-1, 2, -1, -2, -1, -1, 5, -2, -1], [-1, -1, 8, 7, -2, 6, 5, -2, 9], [-1, 3, 8, -2, 9, 7, -2, 4, 6]]

Runde nummer 3
Kandidat har VUNNET
FØR FORDELING
SCORE
[-1.0, -1.0, 0.0, 4.4985, 6.824833333333334, 0.0, 1.0, 5.9910000000000005, 0.3323333333333334]
STEMMESEDLER
[[-1, -1, -1, -1, 4, 5, -1, -2, -1], [-1, 2, -1, -1, -2, 5, -1, -2, -1], [-1, 4, -1, -1, -2, 5, -1, -2, -1], [-1, -1, -1, 5, -2, 6, -1, -2, -1], [-1, -1, -1, -1, -2, 6, -1, -2, 5], [-1, -1, -1, -1, -2, -1, -1, 4, -2], [-1, -1, -1, -1, -2, -1, -1, 3, 4], [-1, 5, -1, -1, -2, -1, -1, -2, 3], [-1, 2, -1, -2, 5, -1, -1, -2, -1], [-1, 2, -1, -2, 4, -1, -1, -2, -1], [-1, -1, -1, -2, -2, -1, -1, 4, -1], [-1, 3, -1, -1, -2, -1, -1, -2, -1], [-1, 3, 6, -1, -2, 5, -1, -2, -1], [-1, -1, 4, 7, -2, 5, 8, -2, 6], [-1, -1, -1, -1, 3, 4, 5, -1, -2], [-1, -1, 9, 4, -2, 6, 8, 5, 7], [-1, -1, 8, 5, -2, 6, 7, -2, 9], [-1, 4, 6, 7, -2, 5, 9, -2, 8], [-1, 4, 8, 6, -2, 9, 7, -2, 5], [-1, -1, 7, 5, -2, -1, 6, -2, -1], [-1, 2, -1, -2, -1, -1, 5, -2, -1], [-1, 2, -1, -2, -1, -1, 5, -2, -1], [-1, -1, 8, 7, -2, 6, 5, -2, 9], [-1, 3, 8, -2, 9, 7, -2, 4, 6]]
E har vunnet med 6.82 stemmer.
Stemmene til E er fordelt:
C	:	0.0	+	0.2	=	0.2
D	:	4.5	+	0.9	=	5.4
F	:	0.0	+	1.3	=	1.3
G	:	1.0	+	0.2	=	1.2
H	:	6.0	+	0.7	=	6.6
I	:	0.3	+	0.7	=	1.0
FØR FORDELING
SCORE
[-1.0, -1.0, 0.21832456140350887, 5.371798245614036, -1.0, 1.3099473684210532, 1.218324561403509, 6.645973684210527, 0.9873070175438601]
STEMMESEDLER
[[-1, -1, -1, -1, -1, -2, -1, -2, -1], [-1, 2, -1, -1, -1, -2, -1, -2, -1], [-1, 4, -1, -1, -1, -2, -1, -2, -1], [-1, -1, -1, -2, -1, 6, -1, -2, -1], [-1, -1, -1, -1, -1, 6, -1, -2, -2], [-1, -1, -1, -1, -1, -1, -1, -2, -2], [-1, -1, -1, -1, -1, -1, -1, -2, 4], [-1, 5, -1, -1, -1, -1, -1, -2, -2], [-1, 2, -1, -2, 5, -1, -1, -2, -1], [-1, 2, -1, -2, 4, -1, -1, -2, -1], [-1, -1, -1, -2, -1, -1, -1, -2, -1], [-1, 3, -1, -1, -1, -1, -1, -2, -1], [-1, 3, 6, -1, -1, -2, -1, -2, -1], [-1, -1, -2, 7, -1, 5, 8, -2, 6], [-1, -1, -1, -1, -1, -2, 5, -1, -2], [-1, -1, 9, -2, -1, 6, 8, 5, 7], [-1, -1, 8, -2, -1, 6, 7, -2, 9], [-1, 4, 6, 7, -1, -2, 9, -2, 8], [-1, 4, 8, 6, -1, 9, 7, -2, -2], [-1, -1, 7, -2, -1, -1, 6, -2, -1], [-1, 2, -1, -2, -1, -1, 5, -2, -1], [-1, 2, -1, -2, -1, -1, 5, -2, -1], [-1, -1, 8, 7, -1, 6, -2, -2, 9], [-1, 3, 8, -2, 9, 7, -2, 4, 6]]

Runde nummer 4
Kandidat har VUNNET
FØR FORDELING
SCORE
[-1.0, -1.0, 0.21832456140350887, 5.371798245614036, -1.0, 1.3099473684210532, 1.218324561403509, 6.645973684210527, 0.9873070175438601]
STEMMESEDLER
[[-1, -1, -1, -1, -1, -2, -1, -2, -1], [-1, 2, -1, -1, -1, -2, -1, -2, -1], [-1, 4, -1, -1, -1, -2, -1, -2, -1], [-1, -1, -1, -2, -1, 6, -1, -2, -1], [-1, -1, -1, -1, -1, 6, -1, -2, -2], [-1, -1, -1, -1, -1, -1, -1, -2, -2], [-1, -1, -1, -1, -1, -1, -1, -2, 4], [-1, 5, -1, -1, -1, -1, -1, -2, -2], [-1, 2, -1, -2, 5, -1, -1, -2, -1], [-1, 2, -1, -2, 4, -1, -1, -2, -1], [-1, -1, -1, -2, -1, -1, -1, -2, -1], [-1, 3, -1, -1, -1, -1, -1, -2, -1], [-1, 3, 6, -1, -1, -2, -1, -2, -1], [-1, -1, -2, 7, -1, 5, 8, -2, 6], [-1, -1, -1, -1, -1, -2, 5, -1, -2], [-1, -1, 9, -2, -1, 6, 8, 5, 7], [-1, -1, 8, -2, -1, 6, 7, -2, 9], [-1, 4, 6, 7, -1, -2, 9, -2, 8], [-1, 4, 8, 6, -1, 9, 7, -2, -2], [-1, -1, 7, -2, -1, -1, 6, -2, -1], [-1, 2, -1, -2, -1, -1, 5, -2, -1], [-1, 2, -1, -2, -1, -1, 5, -2, -1], [-1, -1, 8, 7, -1, 6, -2, -2, 9], [-1, 3, 8, -2, 9, 7, -2, 4, 6]]
H har vunnet med 6.65 stemmer.
Stemmene til H er fordelt:
C	:	0.2	+	0.4	=	0.6
D	:	5.4	+	0.2	=	5.6
F	:	1.3	+	0.9	=	2.3
G	:	1.2	+	0.6	=	1.8
I	:	1.0	+	0.2	=	1.2
FØR FORDELING
SCORE
[-1.0, -1.0, 0.5963538011695908, 5.560812865497077, -1.0, 2.255020467836258, 1.785368421052632, -1.0, 1.176321637426901]
STEMMESEDLER
[[-1, -1, -1, -1, -1, -2, -1, -1, -1], [-1, 2, -1, -1, -1, -2, -1, -1, -1], [-1, 4, -1, -1, -1, -2, -1, -1, -1], [-1, -1, -1, -2, -1, -2, -1, -1, -1], [-1, -1, -1, -1, -1, -2, -1, -1, -2], [-1, -1, -1, -1, -1, -1, -1, -1, -2], [-1, -1, -1, -1, -1, -1, -1, -1, -2], [-1, 5, -1, -1, -1, -1, -1, -1, -2], [-1, 2, -1, -2, 5, -1, -1, -1, -1], [-1, 2, -1, -2, 4, -1, -1, -1, -1], [-1, -1, -1, -2, -1, -1, -1, -1, -1], [-1, 3, -1, -1, -1, -1, -1, -1, -1], [-1, 3, -2, -1, -1, -2, -1, -1, -1], [-1, -1, -2, 7, -1, -2, 8, -1, 6], [-1, -1, -1, -1, -1, -2, 5, -1, -2], [-1, -1, 9, -2, -1, 6, 8, 5, 7], [-1, -1, 8, -2, -1, -2, 7, -1, 9], [-1, 4, -2, 7, -1, -2, 9, -1, 8], [-1, 4, 8, -2, -1, 9, 7, -1, -2], [-1, -1, 7, -2, -1, -1, -2, -1, -1], [-1, 2, -1, -2, -1, -1, -2, -1, -1], [-1, 2, -1, -2, -1, -1, -2, -1, -1], [-1, -1, 8, 7, -1, -2, -2, -1, 9], [-1, 3, 8, -2, 9, 7, -2, 4, 6]]

Runde nummer 5
Kandidat har VUNNET
FØR FORDELING
SCORE
[-1.0, -1.0, 0.5963538011695908, 5.560812865497077, -1.0, 2.255020467836258, 1.785368421052632, -1.0, 1.176321637426901]
STEMMESEDLER
[[-1, -1, -1, -1, -1, -2, -1, -1, -1], [-1, 2, -1, -1, -1, -2, -1, -1, -1], [-1, 4, -1, -1, -1, -2, -1, -1, -1], [-1, -1, -1, -2, -1, -2, -1, -1, -1], [-1, -1, -1, -1, -1, -2, -1, -1, -2], [-1, -1, -1, -1, -1, -1, -1, -1, -2], [-1, -1, -1, -1, -1, -1, -1, -1, -2], [-1, 5, -1, -1, -1, -1, -1, -1, -2], [-1, 2, -1, -2, 5, -1, -1, -1, -1], [-1, 2, -1, -2, 4, -1, -1, -1, -1], [-1, -1, -1, -2, -1, -1, -1, -1, -1], [-1, 3, -1, -1, -1, -1, -1, -1, -1], [-1, 3, -2, -1, -1, -2, -1, -1, -1], [-1, -1, -2, 7, -1, -2, 8, -1, 6], [-1, -1, -1, -1, -1, -2, 5, -1, -2], [-1, -1, 9, -2, -1, 6, 8, 5, 7], [-1, -1, 8, -2, -1, -2, 7, -1, 9], [-1, 4, -2, 7, -1, -2, 9, -1, 8], [-1, 4, 8, -2, -1, 9, 7, -1, -2], [-1, -1, 7, -2, -1, -1, -2, -1, -1], [-1, 2, -1, -2, -1, -1, -2, -1, -1], [-1, 2, -1, -2, -1, -1, -2, -1, -1], [-1, -1, 8, 7, -1, -2, -2, -1, 9], [-1, 3, 8, -2, 9, 7, -2, 4, 6]]
D har vunnet med 5.56 stemmer.
Stemmene til D er fordelt:
C	:	0.6	+	0.2	=	0.8
F	:	2.3	+	0.2	=	2.5
G	:	1.8	+	0.5	=	2.3
I	:	1.2	+	0.5	=	1.7
FØR FORDELING
SCORE
[-1.0, -1.0, 0.8366993177387917, -1.0, -1.0, 2.495365984405459, 2.2660594541910335, -1.0, 1.6570126705653028]
STEMMESEDLER
[[-1, -1, -1, -1, -1, -2, -1, -1, -1], [-1, 2, -1, -1, -1, -2, -1, -1, -1], [-1, 4, -1, -1, -1, -2, -1, -1, -1], [-1, -1, -1, -1, -1, -2, -1, -1, -1], [-1, -1, -1, -1, -1, -2, -1, -1, -2], [-1, -1, -1, -1, -1, -1, -1, -1, -2], [-1, -1, -1, -1, -1, -1, -1, -1, -2], [-1, 5, -1, -1, -1, -1, -1, -1, -2], [-1, 2, -1, -1, 5, -1, -1, -1, -1], [-1, 2, -1, -1, 4, -1, -1, -1, -1], [-1, -1, -1, -1, -1, -1, -1, -1, -1], [-1, 3, -1, -1, -1, -1, -1, -1, -1], [-1, 3, -2, -1, -1, -2, -1, -1, -1], [-1, -1, -2, -1, -1, -2, 8, -1, -2], [-1, -1, -1, -1, -1, -2, 5, -1, -2], [-1, -1, 9, -1, -1, -2, 8, 5, 7], [-1, -1, 8, -1, -1, -2, -2, -1, 9], [-1, 4, -2, 7, -1, -2, 9, -1, 8], [-1, 4, 8, -1, -1, 9, -2, -1, -2], [-1, -1, -2, -1, -1, -1, -2, -1, -1], [-1, 2, -1, -1, -1, -1, -2, -1, -1], [-1, 2, -1, -1, -1, -1, -2, -1, -1], [-1, -1, 8, 7, -1, -2, -2, -1, 9], [-1, 3, 8, -1, 9, 7, -2, 4, -2]]

Runde nummer 6
Kandidat har TAPT
FØR FORDELING
SCORE
[-1.0, -1.0, 0.8366993177387917, -1.0, -1.0, 2.495365984405459, 2.2660594541910335, -1.0, 1.6570126705653028]
STEMMESEDLER
[[-1, -1, -1, -1, -1, -2, -1, -1, -1], [-1, 2, -1, -1, -1, -2, -1, -1, -1], [-1, 4, -1, -1, -1, -2, -1, -1, -1], [-1, -1, -1, -1, -1, -2, -1, -1, -1], [-1, -1, -1, -1, -1, -2, -1, -1, -2], [-1, -1, -1, -1, -1, -1, -1, -1, -2], [-1, -1, -1, -1, -1, -1, -1, -1, -2], [-1, 5, -1, -1, -1, -1, -1, -1, -2], [-1, 2, -1, -1, 5, -1, -1, -1, -1], [-1, 2, -1, -1, 4, -1, -1, -1, -1], [-1, -1, -1, -1, -1, -1, -1, -1, -1], [-1, 3, -1, -1, -1, -1, -1, -1, -1], [-1, 3, -2, -1, -1, -2, -1, -1, -1], [-1, -1, -2, -1, -1, -2, 8, -1, -2], [-1, -1, -1, -1, -1, -2, 5, -1, -2], [-1, -1, 9, -1, -1, -2, 8, 5, 7], [-1, -1, 8, -1, -1, -2, -2, -1, 9], [-1, 4, -2, 7, -1, -2, 9, -1, 8], [-1, 4, 8, -1, -1, 9, -2, -1, -2], [-1, -1, -2, -1, -1, -1, -2, -1, -1], [-1, 2, -1, -1, -1, -1, -2, -1, -1], [-1, 2, -1, -1, -1, -1, -2, -1, -1], [-1, -1, 8, 7, -1, -2, -2, -1, 9], [-1, 3, 8, -1, 9, 7, -2, 4, -2]]
C har tapt med 0.8 stemmer.
FØR FORDELING
SCORE
[-1.0, -1.0, -1.0, -1.0, -1.0, 2.495365984405459, 3.2660594541910335, -1.0, 2.6570126705653028]
STEMMESEDLER
[[-1, -1, -1, -1, -1, -2, -1, -1, -1], [-1, 2, -1, -1, -1, -2, -1, -1, -1], [-1, 4, -1, -1, -1, -2, -1, -1, -1], [-1, -1, -1, -1, -1, -2, -1, -1, -1], [-1, -1, -1, -1, -1, -2, -1, -1, -2], [-1, -1, -1, -1, -1, -1, -1, -1, -2], [-1, -1, -1, -1, -1, -1, -1, -1, -2], [-1, 5, -1, -1, -1, -1, -1, -1, -2], [-1, 2, -1, -1, 5, -1, -1, -1, -1], [-1, 2, -1, -1, 4, -1, -1, -1, -1], [-1, -1, -1, -1, -1, -1, -1, -1, -1], [-1, 3, -1, -1, -1, -1, -1, -1, -1], [-1, 3, -1, -1, -1, -2, -1, -1, -1], [-1, -1, -1, -1, -1, -2, 8, -1, -2], [-1, -1, -1, -1, -1, -2, 5, -1, -2], [-1, -1, 9, -1, -1, -2, 8, 5, 7], [-1, -1, 8, -1, -1, -2, -2, -1, 9], [-1, 4, -1, 7, -1, -2, 9, -1, 8], [-1, 4, 8, -1, -1, 9, -2, -1, -2], [-1, -1, -1, -1, -1, -1, -2, -1, -1], [-1, 2, -1, -1, -1, -1, -2, -1, -1], [-1, 2, -1, -1, -1, -1, -2, -1, -1], [-1, -1, 8, 7, -1, -2, -2, -1, 9], [-1, 3, 8, -1, 9, 7, -2, 4, -2]]

Runde nummer 7
Kandidat har VUNNET
FØR FORDELING
SCORE
[-1.0, -1.0, -1.0, -1.0, -1.0, 2.495365984405459, 3.2660594541910335, -1.0, 2.6570126705653028]
STEMMESEDLER
[[-1, -1, -1, -1, -1, -2, -1, -1, -1], [-1, 2, -1, -1, -1, -2, -1, -1, -1], [-1, 4, -1, -1, -1, -2, -1, -1, -1], [-1, -1, -1, -1, -1, -2, -1, -1, -1], [-1, -1, -1, -1, -1, -2, -1, -1, -2], [-1, -1, -1, -1, -1, -1, -1, -1, -2], [-1, -1, -1, -1, -1, -1, -1, -1, -2], [-1, 5, -1, -1, -1, -1, -1, -1, -2], [-1, 2, -1, -1, 5, -1, -1, -1, -1], [-1, 2, -1, -1, 4, -1, -1, -1, -1], [-1, -1, -1, -1, -1, -1, -1, -1, -1], [-1, 3, -1, -1, -1, -1, -1, -1, -1], [-1, 3, -1, -1, -1, -2, -1, -1, -1], [-1, -1, -1, -1, -1, -2, 8, -1, -2], [-1, -1, -1, -1, -1, -2, 5, -1, -2], [-1, -1, 9, -1, -1, -2, 8, 5, 7], [-1, -1, 8, -1, -1, -2, -2, -1, 9], [-1, 4, -1, 7, -1, -2, 9, -1, 8], [-1, 4, 8, -1, -1, 9, -2, -1, -2], [-1, -1, -1, -1, -1, -1, -2, -1, -1], [-1, 2, -1, -1, -1, -1, -2, -1, -1], [-1, 2, -1, -1, -1, -1, -2, -1, -1], [-1, -1, 8, 7, -1, -2, -2, -1, 9], [-1, 3, 8, -1, 9, 7, -2, 4, -2]]
G har vunnet med 3.27 stemmer.
Stemmene til G er fordelt:
F	:	2.5	+	0.1	=	2.6
I	:	2.7	+	0.0	=	2.7
FØR FORDELING
SCORE
[-1.0, -1.0, -1.0, -1.0, -1.0, 2.5608540719081665, -1.0, -1.0, 2.6570126705653028]
STEMMESEDLER
[[-1, -1, -1, -1, -1, -2, -1, -1, -1], [-1, 2, -1, -1, -1, -2, -1, -1, -1], [-1, 4, -1, -1, -1, -2, -1, -1, -1], [-1, -1, -1, -1, -1, -2, -1, -1, -1], [-1, -1, -1, -1, -1, -2, -1, -1, -2], [-1, -1, -1, -1, -1, -1, -1, -1, -2], [-1, -1, -1, -1, -1, -1, -1, -1, -2], [-1, 5, -1, -1, -1, -1, -1, -1, -2], [-1, 2, -1, -1, 5, -1, -1, -1, -1], [-1, 2, -1, -1, 4, -1, -1, -1, -1], [-1, -1, -1, -1, -1, -1, -1, -1, -1], [-1, 3, -1, -1, -1, -1, -1, -1, -1], [-1, 3, -1, -1, -1, -2, -1, -1, -1], [-1, -1, -1, -1, -1, -2, -1, -1, -2], [-1, -1, -1, -1, -1, -2, -1, -1, -2], [-1, -1, 9, -1, -1, -2, 8, 5, 7], [-1, -1, 8, -1, -1, -2, -1, -1, 9], [-1, 4, -1, 7, -1, -2, 9, -1, 8], [-1, 4, 8, -1, -1, 9, -1, -1, -2], [-1, -1, -1, -1, -1, -1, -1, -1, -1], [-1, 2, -1, -1, -1, -1, -1, -1, -1], [-1, 2, -1, -1, -1, -1, -1, -1, -1], [-1, -1, 8, 7, -1, -2, -1, -1, 9], [-1, 3, 8, -1, 9, -2, -1, 4, -2]]

Runde nummer 8
Kandidat har TAPT
FØR FORDELING
SCORE
[-1.0, -1.0, -1.0, -1.0, -1.0, 2.5608540719081665, -1.0, -1.0, 2.6570126705653028]
STEMMESEDLER
[[-1, -1, -1, -1, -1, -2, -1, -1, -1], [-1, 2, -1, -1, -1, -2, -1, -1, -1], [-1, 4, -1, -1, -1, -2, -1, -1, -1], [-1, -1, -1, -1, -1, -2, -1, -1, -1], [-1, -1, -1, -1, -1, -2, -1, -1, -2], [-1, -1, -1, -1, -1, -1, -1, -1, -2], [-1, -1, -1, -1, -1, -1, -1, -1, -2], [-1, 5, -1, -1, -1, -1, -1, -1, -2], [-1, 2, -1, -1, 5, -1, -1, -1, -1], [-1, 2, -1, -1, 4, -1, -1, -1, -1], [-1, -1, -1, -1, -1, -1, -1, -1, -1], [-1, 3, -1, -1, -1, -1, -1, -1, -1], [-1, 3, -1, -1, -1, -2, -1, -1, -1], [-1, -1, -1, -1, -1, -2, -1, -1, -2], [-1, -1, -1, -1, -1, -2, -1, -1, -2], [-1, -1, 9, -1, -1, -2, 8, 5, 7], [-1, -1, 8, -1, -1, -2, -1, -1, 9], [-1, 4, -1, 7, -1, -2, 9, -1, 8], [-1, 4, 8, -1, -1, 9, -1, -1, -2], [-1, -1, -1, -1, -1, -1, -1, -1, -1], [-1, 2, -1, -1, -1, -1, -1, -1, -1], [-1, 2, -1, -1, -1, -1, -1, -1, -1], [-1, -1, 8, 7, -1, -2, -1, -1, 9], [-1, 3, 8, -1, 9, -2, -1, 4, -2]]
F har tapt med 2.6 stemmer.
FØR FORDELING
SCORE
[-1.0, -1.0, -1.0, -1.0, -1.0, -1.0, -1.0, -1.0, 4.657012670565303]
STEMMESEDLER
[[-1, -1, -1, -1, -1, -1, -1, -1, -1], [-1, 2, -1, -1, -1, -1, -1, -1, -1], [-1, 4, -1, -1, -1, -1, -1, -1, -1], [-1, -1, -1, -1, -1, -1, -1, -1, -1], [-1, -1, -1, -1, -1, -1, -1, -1, -2], [-1, -1, -1, -1, -1, -1, -1, -1, -2], [-1, -1, -1, -1, -1, -1, -1, -1, -2], [-1, 5, -1, -1, -1, -1, -1, -1, -2], [-1, 2, -1, -1, 5, -1, -1, -1, -1], [-1, 2, -1, -1, 4, -1, -1, -1, -1], [-1, -1, -1, -1, -1, -1, -1, -1, -1], [-1, 3, -1, -1, -1, -1, -1, -1, -1], [-1, 3, -1, -1, -1, -1, -1, -1, -1], [-1, -1, -1, -1, -1, -1, -1, -1, -2], [-1, -1, -1, -1, -1, -1, -1, -1, -2], [-1, -1, 9, -1, -1, -1, 8, 5, 7], [-1, -1, 8, -1, -1, -1, -1, -1, 9], [-1, 4, -1, 7, -1, -1, 9, -1, 8], [-1, 4, 8, -1, -1, 9, -1, -1, -2], [-1, -1, -1, -1, -1, -1, -1, -1, -1], [-1, 2, -1, -1, -1, -1, -1, -1, -1], [-1, 2, -1, -1, -1, -1, -1, -1, -1], [-1, -1, 8, 7, -1, -1, -1, -1, 9], [-1, 3, 8, -1, 9, -1, -1, 4, -2]]

Runde nummer 9
Kandidat har VUNNET
FØR FORDELING
SCORE
[-1.0, -1.0, -1.0, -1.0, -1.0, -1.0, -1.0, -1.0, 4.657012670565303]
STEMMESEDLER
[[-1, -1, -1, -1, -1, -1, -1, -1, -1], [-1, 2, -1, -1, -1, -1, -1, -1, -1], [-1, 4, -1, -1, -1, -1, -1, -1, -1], [-1, -1, -1, -1, -1, -1, -1, -1, -1], [-1, -1, -1, -1, -1, -1, -1, -1, -2], [-1, -1, -1, -1, -1, -1, -1, -1, -2], [-1, -1, -1, -1, -1, -1, -1, -1, -2], [-1, 5, -1, -1, -1, -1, -1, -1, -2], [-1, 2, -1, -1, 5, -1, -1, -1, -1], [-1, 2, -1, -1, 4, -1, -1, -1, -1], [-1, -1, -1, -1, -1, -1, -1, -1, -1], [-1, 3, -1, -1, -1, -1, -1, -1, -1], [-1, 3, -1, -1, -1, -1, -1, -1, -1], [-1, -1, -1, -1, -1, -1, -1, -1, -2], [-1, -1, -1, -1, -1, -1, -1, -1, -2], [-1, -1, 9, -1, -1, -1, 8, 5, 7], [-1, -1, 8, -1, -1, -1, -1, -1, 9], [-1, 4, -1, 7, -1, -1, 9, -1, 8], [-1, 4, 8, -1, -1, 9, -1, -1, -2], [-1, -1, -1, -1, -1, -1, -1, -1, -1], [-1, 2, -1, -1, -1, -1, -1, -1, -1], [-1, 2, -1, -1, -1, -1, -1, -1, -1], [-1, -1, 8, 7, -1, -1, -1, -1, 9], [-1, 3, 8, -1, 9, -1, -1, 4, -2]]
I har vunnet med 4.66 stemmer.
Stemmene til I er fordelt:
FØR FORDELING
SCORE
[-1.0, -1.0, -1.0, -1.0, -1.0, -1.0, -1.0, -1.0, -1.0]
STEMMESEDLER
[[-1, -1, -1, -1, -1, -1, -1, -1, -1], [-1, 2, -1, -1, -1, -1, -1, -1, -1], [-1, 4, -1, -1, -1, -1, -1, -1, -1], [-1, -1, -1, -1, -1, -1, -1, -1, -1], [-1, -1, -1, -1, -1, -1, -1, -1, -1], [-1, -1, -1, -1, -1, -1, -1, -1, -1], [-1, -1, -1, -1, -1, -1, -1, -1, -1], [-1, 5, -1, -1, -1, -1, -1, -1, -1], [-1, 2, -1, -1, 5, -1, -1, -1, -1], [-1, 2, -1, -1, 4, -1, -1, -1, -1], [-1, -1, -1, -1, -1, -1, -1, -1, -1], [-1, 3, -1, -1, -1, -1, -1, -1, -1], [-1, 3, -1, -1, -1, -1, -1, -1, -1], [-1, -1, -1, -1, -1, -1, -1, -1, -1], [-1, -1, -1, -1, -1, -1, -1, -1, -1], [-1, -1, 9, -1, -1, -1, 8, 5, 7], [-1, -1, 8, -1, -1, -1, -1, -1, 9], [-1, 4, -1, 7, -1, -1, 9, -1, 8], [-1, 4, 8, -1, -1, 9, -1, -1, -1], [-1, -1, -1, -1, -1, -1, -1, -1, -1], [-1, 2, -1, -1, -1, -1, -1, -1, -1], [-1, 2, -1, -1, -1, -1, -1, -1, -1], [-1, -1, 8, 7, -1, -1, -1, -1, 9], [-1, 3, 8, -1, 9, -1, -1, 4, -1]]

Åpne Resultat.xlsx for å se endelig resultat.